0   159
2   159
4   159
6   159
8   159
10  159
12  159
14  159
16  158.8
18  158.2
20  158
22  157.5
24  157
26  156.7
28  156
30  155.5
32  155
34  154
36  153
38  152
40  151
42  150
44  148
46  146
48  144
50  141
52  138
54  133
56  129
58  123
60  118.5
62  115
64  112
66  110
68  108
70  106.7
72  105.5
74  104.5
76  103.5
78  102.7
80  102
82  101.5
84  101
86  100.5
88  100
90  100
92  100
94  99.8
96  99.3
98  99.1
100 98.3
102 97.5
104 96.5
106 94.8
108 92
110 88.5
112 84
114 80.5
116 78
118 76.5
120 74.8
122 73
124 71.5
126 70
128 69
130 68
132 67
134 66.5
136 66
138 65.5
140 65.1
142 65
144 65
146 65
148 65.2
150 65.6
152 66
154 67
156 67.8
158 68.8
160 70
162 71.5
164 73
166 74.5
168 76
170 77.5
172 78.8
174 79.5
176 81
178 82
180 82.8
182 83.7
184 84
186 84.7
188 85
190 85
192 84.8
194 84
196 83.6
198 82.5
200 81
202 78.5
204 76.5
206 74.5
208 73
210 71.7
212 70.5
214 70
216 70
218 71
220 72
222 73
224 74.5
226 76
228 78.5
230 81.5
232 83
234 86
236 90
238 94
240 98
242 105
244 110
246 115
248 120
250 122.8
252 125.5
254 127.8
256 129.8
258 131.8
260 133.2
262 134.5
264 135.5
266 136.5
268 137.5
270 138
272 138.5
274 138.8
276 139
278 139.2
280 139
